[-0.11523096  0.08405778  0.01234362  0.00218479 -0.07891876  0.0075785
 -0.00373595 -0.09485006  0.10632424 -0.05570309  0.17360973 -0.01533131
 -0.34226233 -0.00160498 -0.03677569  0.08049981 -0.12687889 -0.12541151
 -0.16472989 -0.05007799  0.0010267   0.00081321 -0.01535037 -0.04772442
 -0.09068831 -0.21830717 -0.06216376 -0.12946205  0.13644549 -0.08075674
 -0.0344945   0.0265966  -0.29181927 -0.11459117 -0.03929938  0.02905676
 -0.06314491 -0.06499601  0.25844443 -0.02834174 -0.15522441 -0.03518442
  0.102056    0.18357539  0.16814204  0.04798522 -0.03711452 -0.01751048
  0.12502974 -0.30733824  0.08293709  0.11796608  0.25377807  0.13137367
  0.11629067 -0.24020478  0.07780923  0.04695538 -0.1830692   0.10351191
  0.02837276 -0.07519789 -0.02726736 -0.02280408  0.18214558  0.04076967
  0.0210136  -0.13282606  0.30711013 -0.12472795 -0.03002581  0.1459574
 -0.05119656 -0.12333218 -0.28930798  0.02656984  0.28316414  0.1465468
 -0.12930037  0.04480866 -0.05384167 -0.12752101 -0.00922272 -0.06114912
 -0.05986818 -0.07856741 -0.11004391  0.03115734  0.26840892 -0.06676305
 -0.00123349  0.15608063  0.02875385 -0.04192422  0.01453242  0.04154474
 -0.09196022 -0.05371658 -0.13627243  0.01366774  0.12403747 -0.11259859
 -0.04437965  0.13959472 -0.15833171  0.0583559  -0.02544545 -0.07585988
 -0.04879753 -0.07008793 -0.11101207  0.04640179  0.17380245 -0.23110367
  0.31835026  0.13476045 -0.07988428  0.02232325  0.02536331  0.0173297
  0.02245785 -0.02802724 -0.25191465 -0.24836008  0.08638007 -0.05757387
 -0.0251312   0.10272387]

