[-0.05524528  0.00572529  0.07683934 -0.00197976 -0.12071764 -0.10434744
  0.01641712  0.01212195  0.06033865 -0.03872255  0.14904717 -0.0102269
 -0.21078523  0.08532699 -0.00195213  0.1011001  -0.09758812 -0.04536892
 -0.19269915 -0.16044833 -0.00588121  0.02456684  0.0661667   0.01247958
 -0.14185524 -0.19035779 -0.07775361 -0.09705739  0.15662704 -0.06503922
 -0.04339291 -0.03786926 -0.16551512 -0.13166659  0.02320473  0.07678925
 -0.09198745 -0.1455555   0.26400089  0.05855288 -0.17132351  0.06728964
  0.11385539  0.28251076  0.19539832  0.01370319  0.04978115 -0.13098256
  0.11542793 -0.28153706  0.14834777  0.08043527  0.11433153  0.0652515
  0.10553064 -0.16260086  0.07348925  0.17192104 -0.1749173   0.15060656
  0.12232967  0.0217446  -0.01263256 -0.05689536  0.18001077  0.09741281
 -0.07923605 -0.10067247  0.18540102 -0.16689922 -0.06180199  0.04608528
 -0.06576941 -0.12206002 -0.33691028  0.07676274  0.39988759  0.12275755
 -0.12707236  0.02378566 -0.07185896 -0.07009549  0.09853209  0.07533437
 -0.14918816 -0.06096628 -0.08468047  0.05868045  0.22369793 -0.0541411
  0.00097635  0.15390927  0.08956603 -0.02258051  0.0603312   0.08744985
 -0.23141471 -0.03065504 -0.20602091 -0.00925185  0.1037282  -0.16938953
  0.02581721  0.13358025 -0.20523687  0.07501008 -0.0090343  -0.14038455
  0.03173548  0.00635527 -0.16633081 -0.05896705  0.18232228 -0.15127069
  0.16490406  0.22622114  0.05449446  0.05676949  0.19413975  0.06063074
  0.04066478  0.06983665 -0.17677313 -0.02179666  0.00283178 -0.02179582
  0.00487499  0.10925213]

