[-0.11590583  0.04540264  0.10927266 -0.06950561 -0.15636607  0.06009007
  0.04912067 -0.04955228  0.20109773 -0.04966758  0.10980944  0.02931834
 -0.2222182   0.00098209 -0.00684456  0.13811278 -0.16214103 -0.16485116
 -0.08606127 -0.142271   -0.01399687  0.03070568 -0.05095762  0.02273715
 -0.22549173 -0.22605237 -0.05198305 -0.03127914  0.03701013 -0.05296152
  0.01200149  0.1812842  -0.15561727  0.04498331  0.06541253  0.15247959
 -0.05095758 -0.08502764  0.12222311 -0.10820272 -0.18392384  0.05937926
  0.1283185   0.2157837   0.2733798  -0.01041827 -0.00937036 -0.05046013
  0.10610025 -0.39233747  0.03497083  0.14803298  0.00062788  0.0772606
  0.06021513 -0.22100326 -0.02975868  0.13227898 -0.21732773  0.05463037
 -0.01000318 -0.23557746 -0.07019531 -0.08099242  0.17584658  0.17342134
 -0.15037535 -0.21073687  0.17577596 -0.22489269  0.00550187  0.15954174
 -0.06288749 -0.15241995 -0.25233543  0.05344911  0.44154102  0.17156835
 -0.1488791   0.08104646 -0.12206183  0.01841035  0.00258653  0.07335103
 -0.02707758 -0.12733355 -0.15625675  0.03802549  0.25223291 -0.0375046
  0.00273042  0.23170969  0.08291076 -0.04875486 -0.05117414  0.09561996
 -0.11978703 -0.04940059 -0.12408318 -0.07447568  0.00907714 -0.03008114
  0.00675068  0.13616885 -0.18362957  0.22971758 -0.03217564 -0.03184118
 -0.0237598  -0.1229426   0.00664961  0.05773443  0.16651857 -0.3676343
  0.16324534  0.13397697 -0.00311728  0.20821759  0.00535085  0.07379578
  0.00938728 -0.08867906 -0.10619776 -0.05583729  0.01518563 -0.09503634
  0.02071433  0.08048079]

[-0.08780656  0.1024936   0.05384318 -0.09198087 -0.19649139  0.02927533
  0.01803694 -0.12329835  0.13444434 -0.08411992  0.17666917 -0.00390341
 -0.28008458  0.01136603 -0.0345994   0.1379067  -0.06450332 -0.14628062
 -0.15027507 -0.14773421 -0.0418292   0.02848354 -0.02219776  0.0420969
 -0.13678634 -0.17235388 -0.05589479  0.00515618  0.02108527 -0.07664709
  0.03174423  0.19387461 -0.14006186  0.03611175  0.0687317   0.08430793
 -0.04185292 -0.07931136  0.2019833  -0.07293196 -0.13809453  0.06320447
  0.10027047  0.230792    0.24364147 -0.02154179  0.01399652 -0.05622485
  0.0878682  -0.2924037  -0.02809284  0.17309731  0.02282652  0.01913465
  0.01759806 -0.22864683 -0.00282591  0.15994114 -0.20133941  0.02130096
  0.01472901 -0.20926723 -0.14745201 -0.09558935  0.22329681  0.14338899
 -0.17698474 -0.20478067  0.17338023 -0.1707451  -0.01418241  0.14477323
 -0.14208959 -0.12835997 -0.1871763   0.05850215  0.4856368   0.17085098
 -0.18088149  0.0803363  -0.11923965  0.00801128 -0.00469228  0.04152811
 -0.05915573 -0.16664906 -0.14030211  0.01654973  0.20790309 -0.02308712
 -0.04144232  0.22698382  0.08494215 -0.02767485 -0.05210079  0.03728069
 -0.1237209  -0.07261311 -0.09607403 -0.08464547 -0.01060887 -0.07661213
  0.00701347  0.13498312 -0.16145258  0.22450133 -0.03995147  0.0241257
 -0.03289771 -0.05264835 -0.00352804  0.03919959  0.15285255 -0.33884835
  0.14557968  0.11688286  0.00658486  0.15058844  0.08090436  0.10258364
  0.03996868 -0.00868172 -0.11403023 -0.12173923  0.04076171 -0.08854148
  0.08842698  0.0571615 ]

[-1.56223550e-01  4.77570444e-02  1.07727289e-01 -8.32971558e-02
 -2.08622500e-01  9.77307092e-04  4.60909531e-02 -6.92075342e-02
  1.47799507e-01 -4.53933775e-02  1.06957711e-01  8.14953819e-03
 -2.42258608e-01  4.05132584e-02 -6.76086694e-02  1.52722046e-01
 -1.67622834e-01 -1.98741034e-01 -1.29851952e-01 -1.54169053e-01
 -6.21944368e-02  1.33594740e-02 -2.68765166e-02  3.18473428e-02
 -1.67100847e-01 -2.44648129e-01 -5.64208962e-02 -2.39796229e-02
  7.58443326e-02 -1.85152069e-02  6.08081892e-02  1.51971593e-01
 -1.59439310e-01  5.82447127e-02  6.94036111e-02  6.57249391e-02
 -1.67052988e-02 -9.58885849e-02  1.51928276e-01 -5.58628887e-02
 -1.73271418e-01  2.37915553e-02  1.28835261e-01  2.02913016e-01
  2.78056979e-01 -2.32838076e-02  2.57261209e-02 -1.10822275e-01
  1.20528065e-01 -3.29289943e-01 -2.15667970e-02  1.68126270e-01
  4.21152934e-02  5.18779531e-02  8.15883353e-02 -2.10536927e-01
 -7.06394948e-03  1.45993218e-01 -2.00955719e-01  6.14949726e-02
 -9.39973257e-03 -1.15814306e-01 -9.73791853e-02 -1.48281068e-01
  1.62225470e-01  1.17734388e-01 -1.77577838e-01 -2.27779567e-01
  2.23003298e-01 -2.08015636e-01 -9.28240642e-03  1.75916925e-01
 -8.77282843e-02 -1.53783202e-01 -2.44290814e-01  2.71702837e-02
  4.77652848e-01  2.23058775e-01 -1.59982458e-01  2.37550251e-02
 -1.19581610e-01  1.09327026e-04 -2.11671051e-02  8.04446489e-02
 -8.15458745e-02 -1.58952594e-01 -1.39248595e-01  1.73455663e-03
  1.96135536e-01  2.44167820e-03 -4.12436239e-02  1.88468948e-01
  8.82229283e-02  4.34304308e-03 -8.92874599e-02  9.35111642e-02
 -1.74350664e-01 -2.70785727e-02 -1.26223356e-01 -8.39343965e-02
 -5.38153127e-02  2.28660069e-02  1.89542267e-02  1.34766683e-01
 -7.63608590e-02  2.15321943e-01 -4.19772975e-02 -1.12891383e-02
 -9.85533521e-02 -4.97585945e-02  1.45002166e-02  5.43798283e-02
  1.24716207e-01 -3.14417690e-01  1.46653339e-01  1.53956994e-01
  3.95891722e-04  1.45315751e-01  4.10445593e-02  5.05076535e-02
  3.97993904e-03 -3.86995599e-02 -9.14967731e-02 -7.47067854e-02
 -1.30971586e-02 -1.55781090e-01  2.34282669e-02  5.46577834e-02]

