[-7.33986050e-02  3.16584706e-02  2.28865761e-02 -8.03597420e-02
 -6.33719340e-02 -4.10204865e-02  1.21833514e-02 -8.46703276e-02
  1.67945042e-01 -1.00746609e-01  2.42863357e-01 -6.27319887e-02
 -2.83770204e-01 -1.15066245e-01  2.67032795e-02  1.05295159e-01
 -1.22614175e-01 -7.07991496e-02 -1.22722656e-01 -1.32114828e-01
  2.46976595e-02 -4.51567397e-03  8.46419111e-02 -6.99558631e-02
 -1.78566545e-01 -3.25915813e-01 -1.06649801e-01 -9.64899659e-02
 -2.37156544e-02  9.93178040e-03  2.94165350e-02  9.20958966e-02
 -1.92059472e-01 -1.43083632e-01  2.65610572e-02  8.92567635e-02
 -1.12044136e-03  3.86501476e-02  2.28808254e-01 -1.49027891e-02
 -1.28497839e-01  3.52758914e-02  1.31016195e-01  1.98096365e-01
  1.94748580e-01 -1.47558199e-02  3.49714682e-02 -2.15703119e-02
  3.93151715e-02 -2.57438928e-01  1.09985456e-01  8.17012414e-02
  1.53956711e-01  7.93901980e-02  1.25901937e-01 -1.32852733e-01
  1.99252814e-02  1.62461311e-01 -1.28964201e-01  1.80057213e-02
  1.23473823e-01 -7.70509839e-02 -5.50541282e-02  2.92626489e-02
  2.09153444e-01  3.43791358e-02 -9.72796455e-02 -5.60802147e-02
  1.43154129e-01 -4.54524234e-02  4.49370816e-02  7.19747022e-02
 -1.35838330e-01 -1.15440406e-01 -3.16761255e-01  1.22023888e-01
  4.40688580e-01  1.00276187e-01 -1.02780797e-01  3.44170891e-02
 -1.64886862e-01 -4.00511175e-03 -2.26674322e-03 -1.00667559e-01
 -1.02377348e-01 -1.41228400e-02 -7.30698258e-02  1.05628252e-01
  1.11300074e-01 -1.92926768e-02 -1.55695062e-02  2.11454988e-01
  2.67058779e-02  4.47628759e-02  6.91726655e-02  3.42595018e-02
 -7.48487264e-02 -8.29331502e-02 -1.39737234e-01  2.39075460e-02
  6.51763976e-02 -2.20266834e-01  4.69403490e-02  6.17478341e-02
 -2.60460436e-01  8.67960230e-02 -2.21671425e-02 -6.27750903e-02
 -1.06185498e-02  4.77200001e-02 -3.97132561e-02  1.25726722e-02
  1.52098328e-01 -2.88331538e-01  1.16267808e-01  1.72619551e-01
 -2.25863010e-02  1.85037971e-01  8.31283554e-02  5.80986440e-02
 -4.48752418e-02  5.70826232e-05 -1.05515584e-01 -7.59325996e-02
 -7.55319372e-03  5.78852743e-02  9.83434021e-02  1.19467303e-01]

[-0.04175603  0.00195497  0.01691659 -0.09327549 -0.05022786 -0.02010854
 -0.00855827 -0.09018095  0.13889411 -0.05285328  0.20641774 -0.02802432
 -0.30979371 -0.08140978  0.03411929  0.05745999 -0.15332615 -0.07486542
 -0.10870923 -0.12599935 -0.06283407  0.00546406  0.07062346 -0.05973793
 -0.15158451 -0.26656869 -0.10898867 -0.0849192   0.00293042 -0.01927995
  0.06612818  0.10891987 -0.20100239 -0.11897213  0.07704028  0.09800487
 -0.03118101 -0.01805792  0.27845696 -0.02504449 -0.11679222 -0.00594937
  0.16489309  0.20671348  0.15975136  0.01762343  0.00426264 -0.0322873
  0.10355223 -0.28177664  0.12531093  0.13980907  0.12486921  0.09354175
  0.09284026 -0.18711922  0.03910711  0.1622107  -0.13818212  0.05046753
  0.09695113 -0.09696856 -0.05009349  0.01118325  0.23151967  0.0603206
 -0.12876372 -0.09914602  0.15158008 -0.06343277 -0.00163719  0.09626887
 -0.10994229 -0.10581592 -0.29192239  0.09655324  0.42804885  0.0551292
 -0.09329382  0.06474034 -0.17471282 -0.06501608 -0.02088631 -0.02553658
 -0.0967564  -0.033349   -0.0373689   0.04948241  0.18064739 -0.01060663
 -0.02304847  0.17533946  0.01246999  0.04930215  0.06512922  0.0484906
 -0.07772082 -0.0753867  -0.1398742   0.0306388   0.07349145 -0.2152898
  0.04007308  0.08669348 -0.2670562   0.11930616  0.02649952 -0.07642689
  0.04600402  0.01921329 -0.04702625 -0.00662684  0.17550221 -0.38019967
  0.20849597  0.14290269 -0.00894499  0.18234266  0.07998585  0.1040353
 -0.0094185   0.00377109 -0.10239877 -0.13161096 -0.01702884  0.06472265
  0.06181395  0.1037785 ]

[-0.07090276  0.01708072 -0.00257062 -0.05295464 -0.05414265 -0.04991827
  0.06393119 -0.12551016  0.14533    -0.09120244  0.18655917 -0.02024047
 -0.34251317 -0.05528467  0.04462244  0.03151138 -0.12410121 -0.10000996
 -0.13075826 -0.09993416 -0.02000354 -0.01498158  0.03208586 -0.09976826
 -0.1105713  -0.27538049 -0.10186832 -0.04006241  0.02944708  0.01525732
  0.13060129  0.1120436  -0.22455706 -0.11826597  0.02709316  0.08121391
 -0.01478179 -0.01461484  0.30320305 -0.06759095 -0.14319135 -0.02152178
  0.11652097  0.19380248  0.10014999 -0.05304432  0.04469425 -0.05786522
  0.05843581 -0.25393665  0.09424039  0.14298522  0.12433298  0.09389483
  0.08248784 -0.20086697  0.04211627  0.17516163 -0.14912538  0.06709939
  0.12142901 -0.08419359 -0.05576561  0.00744124  0.17176743  0.00673864
 -0.09456292 -0.13388535  0.17393307 -0.08062597 -0.0084899   0.09423363
 -0.09545706 -0.12970757 -0.30954152  0.0858767   0.37181726  0.08045766
 -0.08440093  0.06575488 -0.17966387 -0.08267069 -0.02365378 -0.04691808
 -0.08147434 -0.0098181  -0.07706027  0.1003023   0.17626308  0.02435346
 -0.04196013  0.19337204  0.02451738 -0.00347666  0.0276089   0.0767194
 -0.0844778  -0.06803513 -0.14301126  0.01223669  0.14398023 -0.21396893
  0.03638258  0.13909662 -0.2766009   0.16589236 -0.02611102 -0.03494979
  0.02599428 -0.02960289 -0.02712151  0.06853703  0.17972951 -0.31203687
  0.20736195  0.14745106 -0.03161293  0.15671606  0.07059423  0.04400094
 -0.00808361 -0.02279832 -0.20132402 -0.1393313  -0.03714357  0.06353689
  0.05992298  0.13004649]

[-4.55151647e-02 -2.31445991e-02  1.28349960e-02 -6.27267510e-02
 -6.81773648e-02 -8.94584954e-02 -1.48919970e-02 -9.77510810e-02
  1.37203336e-01 -9.86503810e-02  1.74039051e-01 -9.00447667e-02
 -2.91416407e-01 -4.38239388e-02  2.05799844e-03  5.93602434e-02
 -1.58736840e-01 -3.51016559e-02 -1.06289580e-01 -1.74511597e-01
 -2.61093564e-02  7.32620806e-03  8.55291188e-02 -4.97878082e-02
 -1.04196116e-01 -2.40799397e-01 -1.18014239e-01 -8.62875357e-02
  3.26234996e-02 -5.46265487e-03  4.69560698e-02  6.57171458e-02
 -2.28332192e-01 -1.35440677e-01  3.03897932e-02  7.86853731e-02
 -2.00046524e-02 -1.27722211e-02  2.66216397e-01 -7.92189538e-02
 -1.26103640e-01  7.52770714e-03  1.34490192e-01  1.75242230e-01
  1.55535102e-01  3.51420864e-02 -5.84403574e-02 -3.76685783e-02
  1.19234174e-01 -2.85703033e-01  1.28652230e-01  1.34262010e-01
  1.45334184e-01  3.31053138e-02  1.06173187e-01 -1.21450618e-01
  2.14927997e-02  1.66225046e-01 -1.50780231e-01  5.09076416e-02
  1.16385669e-01 -7.85345212e-02 -6.00520968e-02 -2.72425711e-02
  2.00358912e-01  5.44151627e-02 -1.17871135e-01 -7.16192275e-02
  1.90690622e-01 -9.90485251e-02 -1.49534550e-04  8.67064074e-02
 -5.47050238e-02 -1.28734991e-01 -3.14922899e-01  8.74773413e-02
  4.34067518e-01  7.64730498e-02 -7.51774833e-02  7.70919919e-02
 -1.56863987e-01 -7.30304271e-02 -2.78646722e-02 -5.19971363e-02
 -1.19061582e-01 -6.55836146e-03 -5.87864593e-02  8.22714865e-02
  1.48260579e-01 -4.25574593e-02 -3.11378390e-02  1.95030838e-01
  2.70348042e-04  4.93476056e-02  4.45758849e-02  7.14193657e-02
 -9.61802006e-02 -9.19766650e-02 -1.67296961e-01  2.95179076e-02
  1.66101202e-01 -2.20006078e-01  1.64854024e-02  8.96361098e-02
 -2.63195723e-01  1.24369279e-01 -1.25341667e-02 -1.01354443e-01
  3.32953408e-02  1.08043002e-02 -7.07710758e-02  3.22174169e-02
  1.90654337e-01 -3.29452068e-01  1.91688016e-01  1.21665709e-01
 -1.75788291e-02  1.85188144e-01  6.82713538e-02  7.49035403e-02
 -6.77036215e-03 -3.75718772e-02 -1.48220748e-01 -1.83802336e-01
 -3.01128998e-03  5.73445521e-02  8.21683556e-02  1.40659928e-01]

