[-0.15248483  0.09867815  0.1116866  -0.03311905 -0.06433902 -0.04905166
 -0.02071361 -0.01370312  0.15476041 -0.01294664  0.21849069 -0.021414
 -0.15138741 -0.10026955 -0.10135183  0.11120956 -0.1557765  -0.11447696
 -0.06917384 -0.09615695  0.00772688  0.07285927 -0.01433935 -0.00083753
 -0.16856419 -0.31803745 -0.05381197 -0.14050643 -0.04794707 -0.08684398
  0.04787859 -0.02993781 -0.16596399 -0.03165463 -0.00794857  0.10018305
 -0.03233231 -0.00097451  0.12216343  0.04983608 -0.12990063  0.1074246
  0.04975098  0.38475218  0.16014154  0.0377741  -0.0505744  -0.02324321
  0.13106099 -0.24652986  0.08149688  0.12572761  0.09027958  0.02834428
  0.15043084 -0.06205002  0.00326069  0.13362744 -0.24710988  0.02558903
  0.01480911  0.03479859 -0.00602955 -0.09135053  0.21451883  0.15303035
 -0.1257607  -0.04310393  0.09957594 -0.1319682   0.02051901  0.0475105
 -0.06827191 -0.1297456  -0.25565866  0.11246871  0.48314238  0.08402871
 -0.11109753  0.00312253 -0.11874985 -0.02371123  0.02356354 -0.05675425
 -0.14705998  0.02396623 -0.07989194  0.05081738  0.13716143  0.02453264
 -0.01143416  0.16034086 -0.00774677 -0.05763462  0.03333301 -0.03971184
 -0.11062039  0.01490776 -0.08571061  0.01186794 -0.01519784 -0.18081976
  0.02817981  0.00762885 -0.21763048  0.08423679  0.08738277 -0.05040189
 -0.0065753   0.11093805 -0.12684679 -0.02306499  0.15952981 -0.31459019
  0.23503448  0.10419115  0.02423228  0.17402793  0.03592738  0.03110478
 -0.10717852  0.00310917 -0.00536918 -0.05780514 -0.00930206 -0.00351365
  0.11326712  0.06564189]

[-0.1487399   0.05301426  0.07833453 -0.01120333 -0.07504627 -0.07577804
 -0.02742796 -0.01757508  0.15598005 -0.05320323  0.22670335 -0.0225624
 -0.17098844 -0.07495937 -0.0713886   0.10252589 -0.16376711 -0.08833687
 -0.09223364 -0.08016327  0.0037698   0.05090156  0.03117514  0.02179669
 -0.1760662  -0.35597146 -0.07354552 -0.15146263 -0.0085848  -0.0825673
  0.05420376 -0.04474925 -0.18310544 -0.03076005 -0.03280919  0.048491
 -0.0474145  -0.02974302  0.16163099  0.03486386 -0.12889288  0.07197925
  0.02255263  0.35426524  0.16281652  0.07698885 -0.01353502 -0.02309677
  0.1078086  -0.23394257  0.07803896  0.11231279  0.06956197 -0.01488207
  0.17727625 -0.08536351  0.01381221  0.14271899 -0.2330952   0.0209405
 -0.01019797  0.08477818  0.01662438 -0.09180086  0.25413263  0.08652072
 -0.11976627 -0.00139111  0.13616195 -0.15359657  0.03321917  0.01364069
 -0.07833033 -0.17139174 -0.28819385  0.08048397  0.44824579  0.11820772
 -0.09122478  0.05025559 -0.08845802 -0.0658042  -0.00250878 -0.02908748
 -0.16312721  0.02307114 -0.07952579  0.05630612  0.130731    0.03965367
  0.01609115  0.18634138 -0.0144339  -0.09508133  0.02809731 -0.08340337
 -0.1576886  -0.01205835 -0.07558265  0.00743811  0.01092887 -0.15101388
  0.023595    0.03923468 -0.23796064  0.0925076   0.03786318 -0.08186297
 -0.01384417  0.09718572 -0.15176852 -0.02912076  0.15118688 -0.29344058
  0.19084911  0.12086724  0.05928426  0.18424945  0.03719528  0.0132325
 -0.10218681  0.06481785 -0.08629097 -0.05864693  0.00474473 -0.04950495
  0.13077748  0.0794046 ]

[-1.72599733e-01  1.91840917e-01  9.08881426e-02 -1.33147929e-03
 -5.39207757e-02 -3.83381620e-02 -3.96065488e-02 -6.06665537e-02
  1.51933253e-01 -4.19987142e-02  1.90302506e-01 -9.14989412e-03
 -1.78597525e-01 -1.12344734e-01 -6.99704438e-02  8.16057920e-02
 -1.80585966e-01 -1.60050690e-01 -4.89871837e-02 -6.58053905e-02
  2.02265065e-02  8.68672207e-02 -2.25712247e-02 -5.83473779e-03
 -2.01719284e-01 -3.39169055e-01 -3.77438664e-02 -1.30695075e-01
 -3.63646895e-02 -1.25653654e-01  6.14952482e-02 -3.80322114e-02
 -1.81862757e-01 -6.76475652e-03 -2.97333375e-02  9.06400681e-02
 -2.72930190e-02 -5.04008820e-03  1.68317989e-01  7.12996200e-02
 -1.45694390e-01  6.44630566e-02  1.23715401e-02  4.12740648e-01
  1.80368379e-01  8.50818679e-03 -5.48979603e-02 -1.79680884e-02
  1.13484643e-01 -2.54268795e-01  5.93277365e-02  1.69738173e-01
  9.58068594e-02  2.91889478e-02  1.13950059e-01 -8.14099908e-02
 -1.30321356e-02  7.14303255e-02 -2.41833538e-01  5.18767629e-03
  2.72107087e-02  1.94758978e-02 -6.94420934e-03 -4.62962985e-02
  2.30463997e-01  1.12522312e-01 -1.21970132e-01 -2.02193521e-02
  8.70132968e-02 -1.44807503e-01  1.92256086e-02  7.20487982e-02
 -4.59529236e-02 -1.57505333e-01 -2.12979227e-01  8.06766450e-02
  4.66976970e-01  1.10418677e-01 -1.44559115e-01 -7.53614958e-03
 -1.50518715e-01 -6.72044381e-02  3.87523510e-02 -2.87655462e-02
 -1.22282080e-01  2.23157220e-02 -8.91073048e-02  9.42745879e-02
  1.78889185e-01  3.96271832e-02 -3.69740427e-02  1.86400160e-01
  1.72773339e-02 -5.65980151e-02  2.88779326e-02 -5.94151504e-02
 -1.03814818e-01 -3.55605083e-03 -6.62998110e-02 -2.56846175e-02
  9.93288029e-03 -1.35123357e-01 -3.65211628e-04  5.52005172e-02
 -2.16280997e-01  1.42410606e-01  1.19558416e-01 -4.74688932e-02
  4.19848738e-03  6.39144182e-02 -1.24738976e-01 -1.83096733e-02
  1.68619260e-01 -3.02250683e-01  2.24769026e-01  9.31634828e-02
 -9.23899654e-03  1.78587034e-01  2.79347468e-02  6.65710308e-03
 -8.81107152e-02 -1.73947830e-02 -3.15776207e-02 -7.89686739e-02
  4.47979243e-03 -1.05668250e-02  1.45414457e-01  2.36433875e-02]

[-0.14454561  0.17322728  0.09756812 -0.00521674 -0.04133422 -0.03511364
 -0.03890808 -0.01599243  0.18122932 -0.03635056  0.18426083 -0.00336543
 -0.12866232 -0.11359937 -0.06711765  0.07773216 -0.1521385  -0.1387087
 -0.06335172 -0.10372898  0.02445379  0.06324033  0.01678667 -0.01341566
 -0.2170283  -0.34311825 -0.04118278 -0.13031088  0.02416126 -0.12444161
  0.02211997 -0.02906689 -0.15422726  0.00191122 -0.01483766  0.09122631
 -0.02075513 -0.00650753  0.15578853  0.07325921 -0.14187028  0.07588602
 -0.01764149  0.39840809  0.18040411  0.04469311 -0.04584034 -0.03565279
  0.15181932 -0.22648303  0.08239128  0.15180072  0.04282981  0.01747764
  0.15936129 -0.070217   -0.01220672  0.07454109 -0.26476958  0.00995396
 -0.01646271  0.0069554  -0.05151047 -0.10562776  0.19734295  0.15323678
 -0.11690447 -0.05824438  0.112055   -0.1595291   0.03852618  0.07698208
 -0.0248399  -0.1299683  -0.23517083  0.07738049  0.46552718  0.13029003
 -0.130299    0.01972365 -0.1009276  -0.05457909  0.04472912 -0.0031318
 -0.17502157  0.0632209  -0.06827585  0.05124698  0.13222674  0.04127
 -0.05375601  0.16651899 -0.00859061 -0.02205509  0.03805209 -0.04653024
 -0.14349648 -0.00562715 -0.07402488 -0.03884948  0.03503755 -0.16598192
  0.00445332  0.02835491 -0.21622232  0.13179457  0.09227751 -0.03976742
  0.00743092  0.09235026 -0.12268774 -0.02205567  0.15114321 -0.34216139
  0.20888415  0.11581725  0.01243554  0.193799    0.05342739  0.02134254
 -0.0810254   0.00731688 -0.00960184 -0.07664304 -0.01858933 -0.01091505
  0.11356092  0.03834396]

