[-0.11261065  0.08101989  0.10601765 -0.07039285 -0.060064   -0.04192112
  0.02480676 -0.15340859  0.19745255 -0.07656424  0.21719477 -0.08168433
 -0.16703993 -0.08123782  0.01739243  0.08593775 -0.09078416 -0.1559564
 -0.09618729 -0.04497029 -0.00938131 -0.00174613 -0.02281136  0.00193985
 -0.05739588 -0.37280291 -0.11913126 -0.08151934  0.0881785  -0.02884828
 -0.00453915  0.01367253 -0.22033079 -0.07282801 -0.01821304  0.1131333
 -0.17580381 -0.04921819  0.11650699 -0.03066717 -0.16785853 -0.01761692
  0.0261413   0.17290549  0.26074764  0.09130597  0.02977405 -0.10610154
  0.02983428 -0.21788554  0.09232615  0.14353549  0.1539067   0.06552989
  0.16149084 -0.09234306  0.00980298  0.04289109 -0.21633422  0.09929464
  0.11591751 -0.07653725 -0.03430559 -0.03664252  0.16039389  0.1171193
 -0.05936464 -0.12594926  0.20443423 -0.21869561 -0.05023574  0.09806529
 -0.02781195 -0.2160725  -0.23406817  0.04232817  0.43431956  0.1716065
 -0.12155072  0.0085688  -0.03338393 -0.07823984  0.07841751  0.02014645
 -0.08091702 -0.07968988 -0.1281416   0.02666251  0.18664259 -0.01695373
 -0.00488382  0.17826338 -0.07683519 -0.00107632 -0.02993762  0.03307392
 -0.07280352  0.09987332 -0.06579733 -0.05608725  0.08765139 -0.05123056
  0.01456985  0.06234809 -0.12257783  0.19281621 -0.03297376  0.01072829
 -0.00674728 -0.08099607 -0.07841302  0.04448828  0.17798418 -0.23813683
  0.2141217   0.1203911  -0.03363682  0.11231957  0.04638768  0.05615995
  0.04466318 -0.09620351 -0.21094486 -0.06984437 -0.03229491 -0.03790228
  0.07128088  0.08669645]

[-1.15170002e-01  3.42338346e-02  9.62261781e-02 -5.55711389e-02
 -5.09834513e-02 -4.34203707e-02 -1.51551180e-02 -1.54157966e-01
  1.90455437e-01 -1.29645765e-01  2.28911221e-01 -7.03283921e-02
 -1.71990499e-01 -1.36660233e-01  3.19211781e-02  1.27658322e-01
 -1.44661874e-01 -1.61529258e-01 -1.19884215e-01 -4.61829826e-02
 -1.33523028e-02 -2.68946625e-02  3.27952504e-02 -1.59741472e-02
 -6.67536259e-02 -4.13748413e-01 -1.30428120e-01 -1.15415424e-01
  1.24445558e-01 -5.66810593e-02 -2.52103731e-02 -3.78298946e-02
 -2.02106252e-01 -6.66566491e-02 -5.06128296e-02  9.81726423e-02
 -1.33702263e-01 -7.83288181e-02  1.48053840e-01 -2.90248785e-02
 -2.15280265e-01 -3.31465639e-02  2.06091069e-03  1.65803298e-01
  2.59952158e-01  8.76317099e-02  4.54530120e-02 -8.00257623e-02
  7.88219422e-02 -1.95368007e-01  6.21868558e-02  1.14570186e-01
  1.31661430e-01  4.59752157e-02  1.44654423e-01 -8.75027478e-02
  1.21514611e-02  9.03700441e-02 -2.19345570e-01  5.13327084e-02
  7.99398720e-02 -6.63823932e-02 -1.11461636e-02  9.04847402e-05
  1.56041235e-01  1.09120354e-01 -5.03172763e-02 -1.37990877e-01
  1.73283145e-01 -2.21139997e-01 -1.63326096e-02  8.47733393e-02
 -5.42519838e-02 -2.03421533e-01 -2.69794643e-01 -1.98701359e-02
  4.35970634e-01  1.41377449e-01 -1.03095993e-01  1.42197823e-02
 -3.71052325e-02 -9.09508094e-02  1.00035258e-01  4.91088778e-02
 -6.88775480e-02 -1.32395299e-02 -1.44325048e-01  6.99586794e-03
  1.67630851e-01 -4.06404361e-02  1.30835045e-02  1.60254836e-01
 -6.66957498e-02  8.72931350e-03 -1.20325927e-02  2.81321835e-02
 -1.06779821e-01  8.35857317e-02 -5.83745018e-02 -7.36610219e-02
  7.50793666e-02 -2.13100836e-02  3.24769318e-02  8.88347067e-03
 -1.05253384e-01  1.85369000e-01 -1.72150377e-02  1.59218982e-02
 -1.48215573e-02 -7.22483024e-02 -5.74327260e-02  1.11507969e-02
  1.60049796e-01 -2.21809611e-01  1.62190706e-01  1.78757623e-01
 -3.06992996e-02  1.42974198e-01  6.25857785e-02  5.18909395e-02
 -1.37851220e-02 -5.45444079e-02 -2.06526205e-01 -5.08647077e-02
 -3.99936140e-02 -8.69510137e-03  1.05933025e-01  6.25320226e-02]

[-1.04619414e-01  7.38489702e-02  1.08143099e-01 -6.20812103e-02
 -6.42724484e-02 -4.14579585e-02  4.15757522e-02 -1.48554027e-01
  2.06572160e-01 -8.12632740e-02  2.14989066e-01 -6.77966550e-02
 -1.72552049e-01 -8.36138427e-02  2.70730183e-02  8.92802253e-02
 -8.52094814e-02 -1.57834768e-01 -8.26200843e-02 -5.55986539e-02
  7.34395673e-03 -1.08691845e-02 -2.31264476e-02 -6.96625281e-03
 -5.80490828e-02 -3.72500867e-01 -1.24708906e-01 -7.79322833e-02
  8.74484703e-02 -4.12258916e-02 -5.37896529e-03 -1.94497022e-03
 -2.16203094e-01 -6.70330971e-02 -2.37503629e-02  1.16904400e-01
 -1.77837208e-01 -5.80036119e-02  1.21169433e-01 -3.31024081e-02
 -1.71491459e-01 -1.91220753e-02  2.16300301e-02  1.76162481e-01
  2.56965607e-01  8.88958052e-02  2.68871784e-02 -1.00532390e-01
  2.90128719e-02 -2.18046904e-01  9.40713510e-02  1.43472254e-01
  1.40443817e-01  5.63328229e-02  1.54889509e-01 -7.20910951e-02
  4.40061837e-03  3.41655836e-02 -2.17835441e-01  8.69140625e-02
  1.29800782e-01 -8.44347328e-02 -3.79920304e-02 -3.81866880e-02
  1.67609066e-01  1.10661931e-01 -5.96414357e-02 -1.25576958e-01
  1.99103102e-01 -2.31421202e-01 -6.04092330e-02  8.15271139e-02
 -3.18171792e-02 -2.09340781e-01 -2.37697124e-01  4.77664173e-02
  4.53861564e-01  1.70411229e-01 -1.13872692e-01  1.63003951e-02
 -4.94812354e-02 -7.48536587e-02  8.70534629e-02  2.06641350e-02
 -6.69318065e-02 -6.77438229e-02 -1.43791765e-01  3.22302803e-02
  1.95952415e-01 -3.07858884e-02 -3.90620274e-03  1.73449531e-01
 -7.14765042e-02  4.75390255e-03 -3.31731737e-02  2.86535192e-02
 -7.39715695e-02  9.68892053e-02 -7.14167655e-02 -6.86467662e-02
  8.86266902e-02 -4.97829169e-02  2.00553797e-02  7.28818625e-02
 -1.31959319e-01  1.95341945e-01 -2.91609857e-02  3.53235006e-03
 -3.47626396e-04 -7.70690814e-02 -9.30448771e-02  3.15589681e-02
  1.70098111e-01 -2.34583586e-01  2.04898953e-01  1.25926256e-01
 -2.88217645e-02  1.05616845e-01  4.47012410e-02  6.01401553e-02
  3.96833941e-02 -9.80265811e-02 -2.16710076e-01 -6.30502999e-02
 -4.10904586e-02 -2.40977667e-02  7.70387352e-02  8.76369178e-02]

