[-0.01371944  0.05814867 -0.05873194 -0.05565606 -0.11266766 -0.01361605
 -0.04928189 -0.05185659  0.18295199 -0.02834104  0.16446927  0.05611824
 -0.24394716  0.05382458 -0.02998545  0.08211305 -0.20034513 -0.07495236
 -0.20163889 -0.2057448  -0.06583442  0.04126878  0.12035839 -0.01197007
 -0.15281464 -0.25094834 -0.1756776  -0.0663922   0.129162   -0.07689899
  0.07325376 -0.01451925 -0.18016569 -0.08642894  0.05750365 -0.01752626
 -0.1099765  -0.1241663   0.22625512  0.09944182 -0.08858719  0.04808185
  0.02897622  0.30856693  0.27797651  0.02975256  0.01403134 -0.12397213
  0.08345883 -0.23344749  0.13091144  0.14680228  0.16858308 -0.00461451
  0.12633768 -0.0209327   0.02807655  0.16822921 -0.18648653  0.04052624
  0.09860438 -0.06632959 -0.10184885 -0.10751252  0.12754934  0.13653286
 -0.08114336 -0.12387449  0.2383571  -0.16612299 -0.0618302   0.03057006
 -0.05490634 -0.16512874 -0.31847206 -0.00316352  0.44397825  0.13686915
 -0.11077732  0.06283034 -0.03421271 -0.03051152  0.01914837  0.05650732
 -0.21605401 -0.094494   -0.04965809  0.09459013  0.17971763 -0.06697307
 -0.09155621  0.15045525  0.02691076 -0.02242359  0.12095409  0.05038359
 -0.10591806 -0.06271654 -0.14201546  0.01315963  0.05944284 -0.12705064
  0.00328811  0.04114996 -0.10499647  0.13243797  0.036736   -0.132236
  0.01653937 -0.04075398 -0.12698555 -0.04764323  0.22702573 -0.29619864
  0.14470169  0.17046353 -0.04102884  0.13469516  0.06193938  0.11487196
 -0.0418435   0.0262027  -0.13937347 -0.10532893 -0.04802806 -0.00644917
  0.04817719  0.05817688]

